proof,verify,nizk
14.30121,23.15155,37.45276
8.642841,15.375738,24.018579000000003
8.419144,15.523187,23.942331
8.224925,15.369176,23.594101000000002
8.3152895,15.441676,23.7569655
7.5813847,11.47726,19.0586447
6.182639,11.476687,17.659326
6.117691,11.514291,17.631982
6.6042004,11.542468,18.1466684
6.164671,11.498874,17.663545
6.138837,11.49601,17.634847
6.1138372,11.512989,17.6268262
6.114202,11.474656,17.588858
6.151857,11.47726,17.629117
6.152535,11.470696,17.623231
6.148056,11.458978,17.607034
6.5829496,11.546531,18.1294806
6.159983,11.500334,17.660317
6.1407123,11.491114,17.6318263
6.134774,11.491792,17.626566
6.111962,11.502676,17.614638
6.1135774,11.474082,17.5876594
6.148316,11.476166,17.624482
6.144879,11.476635,17.621514
6.592482,11.5313225,18.1238045
6.133473,11.472677,17.60615
6.141285,11.463354,17.604639
6.132535,11.467468,17.600003
6.13165,11.467313,17.598963
6.100921,11.46778,17.568700999999997
6.1326914,11.470801,17.6034924
6.133108,11.472884,17.605992
6.611753,11.500489,18.112242000000002
6.120868,11.487468,17.608336
6.117067,11.470333,17.5874
6.132639,11.474238,17.606877
6.143108,11.469968,17.613076
6.112483,11.499706,17.612189
6.1111293,11.470645,17.5817743
6.126597,11.474082,17.600679
6.6173778,11.490958,18.1083358
6.1326923,11.476583,17.6092753
6.112379,11.468978,17.581357
6.123316,11.468458,17.591774
6.1340446,11.473771,17.6078156
6.171598,11.466791,17.638389
6.11389,11.472051,17.585941
6.122692,11.475385,17.598077
6.613263,11.504239,18.117502
6.144723,11.46877,17.613493
6.110035,11.487052,17.597087000000002
6.116493,11.480749,17.597242
6.135244,11.466322,17.601566
6.1335254,11.469135,17.602660399999998
6.101806,11.489449,17.591255
6.114253,11.4731455,17.5873985
6.6166477,11.498822,18.1154697
6.139619,11.492469,17.632088
6.1840453,11.477312,17.6613573
6.126389,11.473093,17.599482000000002
6.173993,11.499759,17.673752
6.14217,11.47825,17.62042
6.143368,11.478043,17.621411
6.1132636,11.482885,17.5961486
6.596127,11.505385,18.101512
6.1644616,11.480854,17.6453156
6.140452,11.465801,17.606253000000002
6.109618,11.49153,17.601148
6.11191,11.477937,17.589847
6.123629,11.474864,17.598493
6.1204524,11.472936,17.593388400000002
6.1226397,11.487468,17.6101077
6.579044,11.49778,18.076824000000002
6.145556,11.4653845,17.6109405
6.1355042,11.468303,17.6038072
6.1381083,11.468352,17.6064603
6.11415,11.487261,17.601411
6.105348,11.471479,17.576827
6.1260757,11.481218,17.6072937
6.123837,11.472,17.595837
6.5740447,11.609916,18.1839607
6.139774,11.472884,17.612658
6.143941,11.467781,17.611722
6.1354,11.473197,17.608597
6.135817,11.470906,17.606723
6.1114926,11.508093,17.6195856
6.142014,11.4688225,17.610836499999998
6.126962,11.469029,17.595991
6.622013,11.500958,18.122971
6.121285,11.478823,17.600108
6.111441,11.4670515,17.5784925
6.1286807,11.469291,17.597971700000002
6.140295,11.465072,17.605367
6.110452,11.487988,17.59844
6.1095657,11.472834,17.5823997
6.128524,11.47627,17.604794
6.620034,11.507676,18.12771
6.1371193,11.4705925,17.6077118
6.112848,11.471114,17.583962
6.131753,11.465749,17.597502
6.1346183,11.470385,17.6050033
6.131806,11.463771,17.595577
6.108629,11.470854,17.579483
6.124462,11.472416,17.596878
6.607742,11.512156,18.119898
6.1389422,11.481635,17.6205772
6.107275,11.482312,17.589587
6.111285,11.46726,17.578545
6.1335254,11.474031,17.6075564
6.132431,11.465541,17.597972
6.109723,11.489759,17.599482
6.106181,11.471427,17.577608
6.621283,12.574861,19.196144
7.2154493,13.008611,20.2240603
6.309722,11.490333,17.800055
6.1454,11.480854,17.626254000000003
6.127952,11.509239,17.637191
6.1418567,11.482625,17.6244817
6.189826,11.476895,17.666721000000003
6.151441,11.47502,17.626461
6.643991,11.498041,18.142032
6.1249833,11.47502,17.6000033
6.128628,11.483927,17.612555
6.1345143,11.472312,17.6068263
6.145452,11.466843,17.612295
6.115869,11.541843,17.657712
6.116806,11.4748125,17.591618500000003
6.1252427,11.468303,17.5935457
6.626232,11.499394,18.125626
6.121754,11.491739,17.613493000000002
6.114358,11.468249,17.582607
6.128629,11.468093,17.596722
6.1338887,11.474291,17.6081797
6.1338887,11.466218,17.600106699999998
6.109827,11.470958,17.580785
6.124358,11.474238,17.598596
6.617586,11.4983015,18.1158875
6.140191,11.466373,17.606564
6.1206083,11.482156,17.6027643
6.110191,11.506374,17.616565
6.141597,11.468197,17.609794
6.1338887,11.471581,17.6054697
6.113629,11.486739,17.600368
6.123108,11.476894,17.600002
6.616649,11.502103,18.118752
6.139201,11.463145,17.602346
6.155451,11.476635,17.632086
6.116285,11.464447,17.580732
6.1321187,11.465906,17.5980247
6.1304,11.46877,17.59917
6.124879,11.467989,17.592868
6.1113367,11.475749,17.5870857
6.620034,11.511426,18.13146
6.1705027,11.474343,17.644845699999998
6.132483,11.478094,17.610577
6.1072216,11.482208,17.5894296
6.102796,11.469395,17.572191
6.127952,11.459552,17.587504
6.1252427,11.468458,17.5937007
6.110556,11.495489,17.606044999999998
6.586649,11.508199,18.094848
6.138473,11.472104,17.610577
6.1208167,11.46804,17.5888567
6.122847,11.473511,17.596358000000002
6.110556,11.457781,17.568337
6.129983,11.501687,17.63167
6.143733,11.488926,17.632659
6.173733,11.470073,17.643805999999998
6.577898,11.541791,18.119689
6.1622753,11.479083,17.6413583
6.162744,11.483406,17.64615
6.14941,11.466322,17.615732
6.126441,11.500125,17.626566
6.11941,11.482312,17.601722000000002
6.130556,11.473041,17.603597
6.128993,11.47627,17.605263
6.625971,11.500072,18.126043
6.123316,11.4652815,17.5885975
6.127952,11.461843,17.589795
6.1300874,11.470906,17.6009934
6.1374826,11.472364,17.6098466
6.111233,11.487573,17.598806
6.113056,11.479032,17.592088
6.131233,11.463405,17.594638
6.618055,11.496739,18.114794
6.1226397,11.484395,17.6070347
6.11941,11.472676,17.592086000000002
6.133837,11.472468,17.606305
6.126754,11.471478,17.598232
6.120035,11.472937,17.592972
6.109879,11.467208,17.577087
6.133108,11.469029,17.602137
6.611909,11.48976,18.101669
6.1477947,11.472883,17.6206777
6.115244,11.488093,17.603337
6.1146703,11.472208,17.586878300000002
6.1294103,11.473353,17.6027633
6.119254,11.472364,17.591618
6.110243,11.58778,17.698023
6.1374826,11.469187,17.6066696
6.628263,11.505904,18.134166999999998
6.150972,11.471479,17.622451
6.132015,11.463354,17.595369
6.116754,11.471322,17.588076
6.123316,11.472677,17.595993
6.1277432,11.508093,17.6358362
6.115347,11.475593,17.59094
6.108108,11.476583,17.584691
6.615919,11.496479,18.112398
6.149774,11.465697,17.615471
6.131962,11.467103,17.599065
6.111076,11.485697,17.596773
6.10941,11.471322,17.580732
6.129202,11.4749155,17.6041175
6.1415977,11.470177,17.611774699999998
6.1120663,11.484031,17.5960973
6.586492,11.500749,18.087241
6.151702,11.468145,17.619847
6.1295137,11.467155,17.596668700000002
6.128108,11.463875,17.591983
6.1070657,11.468979,17.576044699999997
6.136233,11.4732485,17.6094815
6.12691,11.471844,17.598754
6.128628,11.471948,17.600576
6.569201,11.519551,18.088752
6.125191,11.486166,17.611357
6.179566,11.471426,17.650992
6.1436806,11.48377,17.6274506
6.1605043,11.497727,17.6582313
6.128003,11.476218,17.604221
6.1395664,11.475072,17.6146384
6.1330557,11.472468,17.6055237
6.627013,11.505437,18.13245
6.115451,11.468197,17.583648
6.1322746,11.478093,17.6103676
6.134775,11.470542,17.605317
6.1345143,11.467728,17.6022423
6.114723,11.472051,17.586774
6.125139,11.473927,17.599066
6.123942,11.4740305,17.5979725
6.598836,11.498875,18.097711
6.114566,11.497364,17.61193
6.1179,11.466948,17.584848
6.1355042,11.461687,17.597191199999997
6.135295,11.46398,17.599275
6.109201,11.519342,17.628543
6.1122737,11.474238,17.5865117
6.122691,11.473405,17.596096
6.6226897,11.503406,18.1260957
6.143108,11.470177,17.613284999999998
6.11165,11.469707,17.581357
6.11889,11.4705925,17.589482500000003
6.1348786,11.46877,17.6036486
6.123785,11.459552,17.583337
6.113629,11.493457,17.607086
6.114358,11.473561,17.587919
6.61019,11.508925,18.119115
6.157952,11.477416,17.635368
6.113525,11.488875,17.6024
6.114202,11.467207,17.581409
6.136546,11.470801,17.607347
6.127274,11.486687,17.613961
6.134983,11.467676,17.602659000000003
6.10842,11.473354,17.581774
6.6239924,11.500332,18.1243244
6.140868,11.479083,17.619951
6.12967,11.472572,17.602242
6.104566,11.477779,17.582345
6.115192,11.476635,17.591827000000002
6.134253,11.4704895,17.6047425
6.128108,11.947885,18.075993
6.19415,11.506687,17.700837
6.5732107,11.501791,18.0750017
6.1477947,11.474186,17.6219807
6.12915,11.474447,17.603597
6.1354523,11.478823,17.6142753
6.1113367,11.465749,17.5770857
6.127275,11.470229,17.597504
6.136546,11.469655,17.606201
6.133004,11.472571,17.605575
6.571492,11.522103,18.093595
6.133264,11.472051,17.605315
6.1441503,11.471582,17.615732299999998
6.123004,11.471894,17.594898
6.113317,11.489186,17.602503
6.112275,11.689968,17.802243
6.988314,13.01861,20.006924
7.110553,11.967362,19.077915
6.663315,11.560072,18.223387
6.174045,11.4756975,17.649742500000002
6.164254,11.488093,17.652347
6.134306,11.492,17.626306
6.170087,11.475646,17.645733
6.139618,11.476739,17.616357
6.148785,11.474031,17.622816
6.1111293,11.480021,17.591150300000002
6.61545,11.502051,18.117501
6.151806,11.466583,17.618389
6.141806,11.471635,17.613440999999998
6.115243,11.48502,17.600263
6.110816,11.474135,17.584951
6.126597,11.471009,17.597606
6.140452,11.471114,17.611566
6.114359,11.485645,17.600004
6.577117,11.506791,18.083908
6.154254,11.4705925,17.6248465
6.1371193,11.466895,17.6040143
6.154045,11.479916,17.633961
6.127431,11.484187,17.611618
6.145035,11.474864,17.619899
6.1407123,11.47726,17.617972299999998
6.146493,11.476634,17.623127
6.587847,11.522781,18.110628
6.123993,11.466009,17.590002
6.1381598,11.471739,17.6098988
6.132379,11.54481,17.677189
6.128837,11.489812,17.618649
6.114462,11.472781,17.587243
6.12691,11.473874,17.600784
6.128837,11.47476,17.603597
6.612482,11.502468,18.11495
6.109358,11.468353,17.577711
6.127952,11.480436,17.608387999999998
6.126128,11.468457,17.594585000000002
6.137951,11.465593,17.603544
6.110243,11.521062,17.631305
6.113681,11.477937,17.591618
6.130504,11.469864,17.600368
6.604825,11.501895,18.10672
6.1223783,11.500334,17.6227123
6.121441,11.462051,17.583492
6.1302958,11.470125,17.6004208
6.1321187,11.462832,17.594950700000002
6.131598,11.465696,17.597293999999998
6.112014,11.475072,17.587086
6.117639,11.471531,17.58917
6.618523,11.501478,18.120001000000002
6.143056,11.469448,17.612504
6.108993,11.481635,17.590628000000002
6.11566,11.467885,17.583545
6.1229,11.472834,17.595734
6.1345143,11.4722595,17.6067738
6.107743,11.52002,17.627763
6.1546183,11.482102,17.6367203
6.678003,11.487728,18.165731
6.156806,11.479864,17.63667
6.132639,11.467313,17.599952000000002
6.115347,11.467313,17.58266
6.133108,11.470385,17.603493
6.1353483,11.475333,17.6106813
6.137848,11.4670515,17.604899500000002
6.113994,11.479552,17.593546
6.6209188,11.502207,18.1231258
6.141025,11.475904,17.616929
6.134566,11.472157,17.606723
6.099619,11.490021,17.58964
6.103994,11.470697,17.574691
6.128785,11.46726,17.596045
6.132535,11.473353,17.605888
6.1051397,11.488666,17.5938057
6.570815,11.510176,18.080990999999997
6.147535,11.473249,17.620784
6.122066,11.471687,17.593753
6.1208158,11.473197,17.5940128
6.110087,11.469552,17.579639
6.128994,11.466791,17.595785
6.17217,11.472677,17.644847
6.124671,11.467573,17.592244
6.575867,11.520124,18.095990999999998
6.129931,11.474395,17.604326
6.140504,11.473718,17.614221999999998
6.127691,11.466531,17.594222000000002
6.103056,11.481843,17.584899
6.108473,11.469812,17.578285
6.134097,11.467416,17.601513
6.1332116,11.466009,17.5992206
6.613471,11.506009,18.11948
6.133941,11.473405,17.607346
6.128421,11.473978,17.602399000000002
6.1249833,11.474864,17.5998473
6.117692,11.471739,17.589430999999998
6.1111293,11.463926,17.575055300000002
6.116233,11.464343,17.580576
6.135244,11.471479,17.606723000000002
6.609304,11.488197,18.097501
6.1225867,11.490228,17.6128147
6.1161814,11.477833,17.5940144
6.122692,11.474448,17.59714
6.132327,11.4800205,17.6123475
6.111546,11.486321,17.597867
6.1027946,11.466636,17.5694306
6.129722,11.471114,17.600836
6.614722,11.492937,18.107658999999998
6.146077,11.467675,17.613751999999998
6.1111293,11.4697075,17.5808368
6.122692,11.474708,17.5974
6.126337,11.471635,17.597972
6.1479,11.470228,17.618128
6.113109,11.481739,17.594848
6.1590967,11.489395,17.6484917
6.629669,11.498875,18.128543999999998
6.155087,11.488249,17.643335999999998
6.149827,11.495593,17.64542
6.127899,11.473354,17.601253
6.151701,11.463614,17.615315
6.136337,11.469343,17.60568
6.164514,11.487052,17.651566
6.118629,11.470697,17.589326
6.6150336,11.505332,18.1203656
6.141441,11.471739,17.61318
6.1336813,11.475073,17.6087543
6.112431,11.4853325,17.5977635
6.110869,11.469293,17.580162
6.132587,11.470802,17.603389
6.131233,11.464916,17.596149
6.1121697,11.487468,17.5996377
6.5780554,11.513769,18.0918244
6.148994,11.480072,17.629066
6.124931,11.471634,17.596565
6.128056,11.497572,17.625628
6.116806,11.471218,17.588024
6.1330557,11.464499,17.5975547
6.133524,11.466531,17.600055
6.128889,11.471479,17.600368
6.5685763,11.531791,18.100367300000002
6.1441493,11.476947,17.621096299999998
6.129879,11.46752,17.597399
6.129827,11.473614,17.603441
6.112639,11.487103,17.599742
6.106598,11.463614,17.570211999999998
6.1268063,11.463717,17.5905233
6.138941,11.469447,17.608388
6.5741477,11.520228,18.0943757
6.128525,11.539968,17.668492999999998
6.1417007,11.474501,17.6162017
6.130712,11.473093,17.603805
6.130191,11.471999,17.60219
6.111025,11.463979,17.575004
6.1340456,11.464187,17.598232600000003
6.136494,11.466791,17.603285
6.618627,11.492885,18.111511999999998
6.123993,11.492625,17.616618
6.117222,11.472729,17.589951
6.127536,11.471844,17.59938
6.128941,11.476166,17.605107
6.108264,11.48351,17.591774
6.1067023,11.501114,17.6078163
6.139983,11.468926,17.608909
6.621231,11.495593,18.116824
6.143785,11.470124,17.613909
6.117066,11.465749,17.582815
6.123525,11.486321,17.609846
6.146337,11.486739,17.633076
6.128889,12.039498,18.168387
6.8657103,13.253818,20.1195283
7.005241,11.5469475,18.5521885
6.6053977,11.51002,18.115417700000002
6.15941,11.478614,17.638024
6.17415,11.476895,17.651045
6.190399,11.486896,17.677295
6.125347,11.484864,17.610211
6.127535,11.481739,17.609274
6.146441,11.478145,17.624586
6.140451,11.474811,17.615262
6.589408,11.534239,18.123647
6.1372743,11.469396,17.606670299999998
6.1355557,11.467989,17.6035447
6.127744,11.468458,17.596201999999998
6.12915,11.46976,17.59891
6.111806,11.475073,17.586879
6.118629,11.471167,17.589796
6.1268578,11.478926,17.605783799999998
6.613315,11.4983015,18.1116165
6.116963,11.485384,17.602347
6.105348,11.469186,17.574534
6.1244097,11.465646,17.5900557
6.136494,11.466114,17.602608
6.112588,11.484918,17.597506
6.1140976,11.485594,17.5996916
6.131545,11.47726,17.608805
6.612222,11.502937,18.115159
6.136858,11.474603,17.611461
6.117744,11.471791,17.589534999999998
6.123941,11.478197,17.602138
6.133473,11.4758005,17.6092735
6.1355042,11.476895,17.6123992
6.107847,11.511114,17.618961
6.1340456,11.467468,17.6015136
6.625867,11.492519,18.118386
6.1441493,11.46877,17.612919299999998
6.107118,11.486271,17.593389000000002
6.113212,11.472521,17.585733
6.140504,11.475904,17.616408
6.133316,11.471635,17.604951
6.104983,11.483874,17.588857
6.109254,11.4749155,17.5841695
6.617742,11.495697,18.113439
6.1424823,11.466478,17.6089603
6.129775,11.48601,17.615785000000002
6.1149306,11.476635,17.5915656
6.1276393,11.477624,17.6052633
6.124514,11.472624,17.597138
6.133837,11.472834,17.606671
6.110243,11.486062,17.596305
6.57769,11.50304,18.08073
6.1502953,11.488251,17.6385463
6.171232,11.46804,17.639272
6.120765,11.488823,17.609588
6.128421,11.478874,17.607295
6.138525,11.473874,17.612399
6.1780043,11.488458,17.6664623
6.155035,11.484083,17.639118
6.590033,11.527936,18.117969000000002
6.1668057,11.462728,17.6295337
6.153941,11.470594,17.624535
6.141389,11.469812,17.611201
6.116493,11.48028,17.596773
6.111233,11.476062,17.587295
6.129462,11.473199,17.602660999999998
6.128837,11.473561,17.602398
6.591336,11.521687,18.113023
6.136338,11.467,17.603338
6.1286807,11.468405,17.5970857
6.133577,11.470801,17.604378
6.131702,11.463666,17.595368
6.1076922,11.472781,17.5804732
6.134358,11.510176,17.644534
6.133994,11.475645,17.609639
6.618367,11.501896,18.120263
6.1147747,11.487052,17.6018267
6.106389,11.468979,17.575367999999997
6.129983,11.466218,17.596201
6.1227427,11.477312,17.6000547
6.111754,11.501948,17.613702
6.1129003,11.478197,17.5910973
6.126337,11.476634,17.602971
6.6059723,11.502521,18.1084933
6.135972,11.473614,17.609586
6.119254,11.465696,17.58495
6.131337,11.479083,17.610419999999998
6.1346703,11.472728,17.6073983
6.1242537,11.469082,17.5933357
6.108941,11.475489,17.584429999999998
6.122067,11.474031,17.596098
6.615658,11.496842,18.112499999999997
6.141806,11.471219,17.613025
6.102848,11.48851,17.591358
6.1178484,11.4704895,17.5883379
6.127952,11.468146,17.596098
6.13566,11.467625,17.603285
6.110764,11.549864,17.660628
6.128056,11.475072,17.603128
6.624773,11.505905,18.130678
6.149775,11.4756975,17.6254725
6.127587,11.479135,17.606721999999998
6.1085253,11.469083,17.5776083
6.1252427,11.477156,17.602398700000002
6.1303477,11.478146,17.6084937
6.1302958,11.469083,17.5993788
6.1073794,11.469239,17.5766184
6.592482,11.528979,18.121461
6.149045,11.475904,17.624949
6.136858,11.466531,17.603389
6.112692,11.489291,17.601983
6.109931,11.476583,17.586514
6.135399,11.475905,17.611303999999997
6.130869,11.528093,17.658962
6.1634717,11.52648,17.689951699999998
6.592013,11.504239,18.096252
6.175712,11.489395,17.665107
6.1592007,11.464864,17.6240647
6.1451907,11.476426,17.6216167
6.12191,11.486947,17.608857
6.1170144,11.504812,17.6218264
6.138264,11.472156,17.61042
6.134774,11.466114,17.600887999999998
6.5828466,11.529187,18.1120336
6.132796,11.4749155,17.6077115
6.1280036,11.480436,17.6084396
6.131233,11.473093,17.604326
6.131702,11.472364,17.604066
6.117119,11.465541,17.58266
6.130504,11.469447,17.599951
6.132483,11.467885,17.600368
6.611545,11.492105,18.103650000000002
6.124462,11.491948,17.616410000000002
6.119462,11.470228,17.58969
6.134097,11.469707,17.603804
6.130139,11.474968,17.605107
6.109879,11.482625,17.592504
6.114515,11.476009,17.590524
6.133837,11.467208,17.601045
6.610346,11.494239,18.104585
6.121546,11.495333,17.616879
6.113316,11.472416,17.585732
6.130713,11.470073,17.600786
6.127951,11.473041,17.600992
6.126129,11.473093,17.599222
6.097691,11.470229,17.56792
6.132951,11.475489,17.60844
6.611909,11.507207,18.119115999999998
6.150088,11.464707,17.614795
6.108108,11.488563,17.596671
6.10816,11.475541,17.583700999999998
6.1312847,11.472676,17.603960700000002
6.1276393,11.471845,17.5994843
6.10816,11.519187,17.627347
6.114827,11.479968,17.594794999999998
6.6148252,11.489082,18.103907200000002
6.1529512,11.4732485,17.6261997
6.135347,11.466166,17.601513
6.1113367,11.473824,17.5851607
6.130556,11.475333,17.605888999999998
6.123785,11.473561,17.597346
6.130972,11.47528,17.606251999999998
6.106962,11.465333,17.572295
6.595294,11.501791,18.097085
6.149046,11.470854,17.6199
6.134566,11.467155,17.601721
6.111233,11.484967,17.5962
6.108993,11.476218,17.585211
6.146805,12.582047,18.728852
6.895606,13.320537,20.216143
6.440555,11.516062,17.956617
6.64071,11.487155,18.127865
6.123108,11.507,17.630108
6.1423273,11.474759,17.6170863
6.183629,11.500125,17.683754
6.162119,11.473511,17.63563
6.137535,11.472572,17.610107
6.1183677,11.475021,17.5933887
6.149827,11.469916,17.619743
6.6788883,11.499291,18.1781793
6.148785,11.465696,17.614480999999998
6.1129518,11.500906,17.6138578
6.1172743,11.473041,17.5903153
6.1304,11.470697,17.601097
6.1300874,11.478457,17.6085444
6.10191,11.483406,17.585316
6.114671,11.46752,17.582191
6.618575,11.491218,18.109793
6.156442,11.468041,17.624482999999998
6.136546,11.463717,17.600263
6.113994,11.47278,17.586774
6.122744,11.470385,17.593129
6.128108,11.506269,17.634377
6.1380563,11.502728,17.6407843
6.116441,11.478457,17.594898
6.634357,11.499864,18.134221
6.146441,11.465749,17.612190000000002
6.135244,11.464447,17.599691
6.114254,11.4825735,17.5968275
6.112847,11.477365,17.590212
6.1284733,11.4731455,17.601618799999997
6.127067,11.480593,17.607660000000003
6.109149,11.488041,17.59719
6.5809193,11.514864,18.0957833
6.150816,11.465072,17.615887999999998
6.136024,11.469135,17.605159
6.131076,11.469135,17.600211
6.1031084,11.479552,17.5826604
6.123055,11.47851,17.601565
6.128629,11.474968,17.603597
6.1277432,11.472989,17.6007322
6.5757113,11.520228,18.095939299999998
6.136806,11.464551,17.601357
6.129097,11.463093,17.592190000000002
6.135087,11.46726,17.602347
6.10941,11.602832,17.712242
6.1508694,11.482989,17.6338584
6.143108,11.4758005,17.6189085
6.145504,11.482989,17.628493
6.616909,11.506479,18.123388
6.123056,11.469395,17.592451
6.134827,11.46398,17.598807
6.1407123,11.471322,17.6120343
6.1321177,11.463145,17.5952627
6.1098256,11.504135,17.6139606
6.165504,11.48476,17.650264
6.170399,11.4852295,17.6556285
6.621127,11.497833,18.11896
6.134201,11.499603,17.633804
6.131493,11.478042,17.609535
6.130192,11.471844,17.602036000000002
6.126025,11.470645,17.59667
6.127379,11.468094,17.595473000000002
6.1201386,11.463874,17.5840126
6.156545,11.4652815,17.6218265
6.625867,11.507156,18.133023
6.163681,11.473874,17.637555
6.115035,11.489395,17.60443
6.113629,11.476687,17.590316
6.131649,11.472937,17.604586
6.133317,11.466636,17.599953
6.109045,11.482052,17.591096999999998
6.112691,11.474499,17.58719
6.61696,11.492051,18.109011
6.1513886,11.463666,17.6150546
6.1314406,11.464135,17.5955756
6.1180043,11.4748125,17.5928168
6.1297736,11.474343,17.604116599999998
6.1197753,11.472834,17.5926093
6.1374826,11.476427,17.6139096
6.106234,11.466008,17.572242
6.609877,11.508041,18.117918
6.146233,11.475072,17.621305
6.131754,11.467417,17.599171
6.116597,11.486272,17.602869
6.112326,11.474031,17.586357
6.138525,11.46976,17.608285000000002
6.122118,11.470697,17.592815
6.1068583,11.48903,17.5958883
6.5698767,11.501479,18.071355699999998
6.1486287,11.470385,17.6190137
6.139462,11.47726,17.616722
6.135764,11.473979,17.609743
6.114358,11.470125,17.584483
6.117223,11.47627,17.593493
6.1439943,11.478769,17.6227633
6.1322746,11.469969,17.6022436
6.582325,11.518457,18.100782
6.132535,11.477572,17.610107
6.133733,11.472937,17.60667
6.133264,11.468198,17.601461999999998
6.113316,11.491792,17.605108
6.111025,11.472883,17.583908
6.120869,11.472312,17.593181
6.1694098,11.474135,17.6435448
6.613784,11.499759,18.113543
6.131389,11.473874,17.605263
6.138577,11.464706,17.603282999999998
6.129462,11.467417,17.596879
6.132587,11.469968,17.602555
6.111077,11.473199,17.584276
6.1254,11.497313,17.622713
6.183368,11.482833,17.666201
6.635033,11.498562,18.133595
6.163212,11.501947,17.665159
6.132535,11.47502,17.607555
6.143629,11.469864,17.613493
6.131598,11.474031,17.605629
6.112847,11.497156,17.610003
6.118421,11.466636,17.585057
6.146233,11.471739,17.617971999999998
6.62045,11.4896555,18.1101055
6.1445146,11.467,17.6115146
6.113421,11.486114,17.599535
6.1178484,11.473926,17.5917744
6.126545,11.473041,17.599586000000002
6.127119,11.479968,17.607087
6.121077,11.492989,17.614066
6.111754,11.468666,17.58042
6.61769,11.495124,18.112814
6.141962,11.46851,17.610472
6.114358,11.486166,17.600524
6.115868,11.475541,17.591409
6.126389,11.48502,17.611409000000002
6.1279,11.470177,17.598077
6.124619,11.471999,17.596618
6.1093063,11.460333,17.5696393
6.60894,11.494185,18.103125
6.1425867,11.467051,17.6096377
6.1355557,11.463926,17.599481700000002
6.104671,11.489134,17.593805
6.117066,11.46976,17.586826000000002
6.121962,11.468979,17.590941
6.125764,11.47002,17.595784000000002
6.1024313,11.517208,17.6196393
6.5800858,11.507416,18.0875018
6.157379,11.46976,17.627139
6.146129,11.466686,17.612814999999998
6.135921,11.469916,17.605837
6.1155043,11.471687,17.5871913
6.136389,11.471531,17.60792
6.131858,11.469655,17.601513
6.1330547,11.464448,17.5975027
6.5773773,11.530124,18.107501300000003
6.133733,11.4758005,17.6095335
6.129566,11.466062,17.595628
6.132431,11.465437,17.597868
6.111545,11.486686,17.598231
6.1131077,11.477624,17.5907317
6.12915,11.472571,17.601721
6.121597,11.479499,17.601096000000002
6.6007633,11.506791,18.1075543
6.130504,11.478666,17.60917
6.206337,11.47653,17.682867
6.136181,11.476739,17.61292
6.130035,11.469135,17.59917
6.505711,12.673767,19.179478
7.249199,12.727621,19.97682
6.208941,11.484654,17.693595000000002
6.628367,11.492519,18.120886
6.163785,11.482521,17.646306
6.169358,11.496374,17.665732
6.15191,11.500072,17.651982
6.127744,11.475437,17.603181
6.152379,11.466114,17.618493
6.1534734,11.467156,17.6206294
6.108264,11.488614,17.596878
6.587586,11.507416,18.095002
6.150088,11.476687,17.626775000000002
6.1347218,11.478719,17.6134408
6.127431,11.479759,17.60719
6.106389,11.474864,17.581253
6.1310773,11.468406,17.5994833
6.13566,11.476894,17.612554
6.169827,11.47476,17.644587
6.582898,11.517051,18.099949000000002
6.1322746,11.476635,17.6089096
6.152952,11.478457,17.631409
6.143004,11.46653,17.609534
6.114723,11.485489,17.600212
6.1113367,11.480489,17.5918257
6.127899,11.466791,17.59469
6.109775,11.4732485,17.5830235
6.583367,11.5277815,18.1111485
6.1274834,11.474968,17.6024514
6.135088,11.468926,17.604014
6.131858,11.470645,17.602503
6.140191,11.47075,17.610941
6.111701,11.469916,17.581617
6.128525,11.475281,17.603806
6.118316,11.47601,17.594326000000002
6.620658,11.504188,18.124845999999998
6.117692,11.487103,17.604795
6.1015983,11.4713745,17.5729728
6.133473,11.466636,17.600109
6.130868,11.46804,17.598908
6.112483,11.48601,17.598493
6.115191,11.472937,17.588128
6.13941,11.473458,17.612868
6.612013,11.49778,18.109793
6.133942,11.471426,17.605368
6.107171,11.470228,17.577399
6.129045,11.467051,17.596096
6.1328483,11.46627,17.5991183
6.131129,11.473614,17.604743
6.115764,11.4748125,17.5905765
6.129306,11.47101,17.600316
6.607951,11.5052805,18.113231499999998
6.140452,11.472416,17.612868
6.1095138,11.488354,17.5978678
6.114359,11.468352,17.582711
6.1274834,11.480958,17.6084414
6.136806,11.49403,17.630836000000002
6.154045,11.500384,17.654429
6.141858,11.512676,17.654534
6.6183147,11.502625,18.1209397
6.1582637,11.468615,17.6268787
6.13967,11.4696045,17.6092745
6.113629,11.485437,17.599066
6.130295,11.473093,17.603388000000002
6.124566,11.476843,17.601409
6.1276402,11.473302,17.6009422
6.1077437,11.48252,17.5902637
6.578992,11.507571,18.086563
6.153524,11.481062,17.634586
6.187639,11.478666,17.666305
6.10592,11.483822,17.589742
6.110764,11.476791,17.587555000000002
6.1303477,11.46351,17.5938577
6.135035,11.472676,17.607711000000002
6.132326,11.467937,17.600262999999998
6.586961,11.516479,18.10344
6.1595144,11.476947,17.636461399999998
6.132795,11.46804,17.600835
6.1303473,11.470385,17.6007323
6.106546,11.4825735,17.589119500000002
6.113994,11.472052,17.586046
6.132744,11.467156,17.599899999999998
6.134462,11.473927,17.608389
6.575763,11.530281,18.106044
6.122847,11.478875,17.601722000000002
6.1292543,11.478042,17.6072963
6.124774,11.476322,17.601096
6.12191,11.479396,17.601306
6.121233,11.474656,17.595889
6.131858,11.480646,17.612504
6.133993,11.466948,17.600941
6.61717,11.500489,18.117659
6.129931,11.48601,17.615941
6.1119633,11.472676,17.5846393
6.1258163,11.467572,17.5933883
6.130869,11.472416,17.603285
6.097483,11.49601,17.593493000000002
6.1095657,11.469968,17.5795337
6.133733,11.495852,17.629585
6.621596,11.493562,18.115158
6.146129,11.466062,17.612191000000003
6.112431,11.468978,17.581409
6.123473,11.4722595,17.5957325
6.1333675,11.471791,17.6051585
6.128265,11.471844,17.600109
6.110191,11.471479,17.581670000000003
6.1215453,11.46804,17.5895853
6.6136794,11.499916,18.1135954
6.1441493,11.469603,17.613752299999998
6.113316,11.490644,17.60396
6.115087,11.479759,17.594846
6.127119,11.472521,17.59964
6.125087,11.474395,17.599482
6.106441,11.518822,17.625263
6.143576,11.536947,17.680523
6.61795,11.505802,18.123752
6.1936812,11.481062,17.6747432
6.146181,11.483718,17.629899
6.128629,11.473458,17.602087
6.122692,11.477208,17.599899999999998
6.126441,11.474031,17.600472
6.1276393,11.475021,17.6026603
6.108941,11.486843,17.595784000000002
6.590763,11.510854,18.101617
6.155556,11.46976,17.625316
6.136233,11.46903,17.605263
6.1120663,11.488822,17.6008883
6.114358,11.46252,17.576878
6.132431,11.475802,17.608233
6.128733,11.476479,17.605212
6.121181,11.478405,17.599586000000002
6.58045,11.512052,18.092502
6.145556,11.473511,17.619067
6.132535,11.4697075,17.6022425
6.1235766,11.473406,17.5969826
6.110556,11.488874,17.599429999999998
6.1077952,11.46851,17.5763052
6.143577,11.468615,17.612192
6.135712,11.501895,17.637607
6.563003,11.525176,18.088179
6.119827,11.473041,17.592868
6.1286807,11.468301,17.5969817
6.128264,11.475541,17.603805
6.110452,11.497416,17.607868
6.1114926,11.467989,17.5794816
6.138577,11.469968,17.608545
6.129566,11.466166,17.595731999999998
6.616596,11.495541,18.112137
6.1214423,11.477207,17.598649299999998
6.124931,11.468615,17.593546
6.1295137,11.479499,17.6090127
6.13165,11.47377,17.60542
6.107171,11.484812,17.591983
6.1113377,11.468718,17.580055700000003
6.1346703,11.468457,17.6031273
6.606284,11.494812,18.101096
6.1276393,11.478197,17.6058363
6.111754,11.483406,17.59516
6.131545,11.467469,17.599014
6.130765,11.475698,17.606462999999998
6.119722,11.470281,17.590003
6.1077437,11.471687,17.5794307
6.12639,11.465228,17.591618
6.609513,11.491374,18.100887
6.15014,11.472676,17.622816
6.111441,11.487937,17.599378
6.115035,11.477208,17.592243
6.1296177,11.473197,17.6028147
6.1182127,11.473302,17.5915147
6.108993,11.481113,17.590106
6.102014,11.469395,17.571409
6.621023,11.489187,18.11021
6.1475883,11.4696045,17.6171928
6.136338,12.005227,18.141565
6.8431582,12.951995,19.7951532
7.185501,11.708145,18.893646
6.198004,11.492729,17.690733
6.154983,11.484135,17.639118
6.17691,11.479603,17.656513
6.646544,11.506844,18.153388
6.146337,11.477259,17.623596
6.1355557,11.4670515,17.6026072
6.173004,11.492832,17.665836
6.16493,11.475281,17.640211
6.1226387,11.501166,17.6238047
6.143733,11.478719,17.622452
6.132587,11.473979,17.606566
6.630502,11.500697,18.131199000000002
6.117692,11.48424,17.601931999999998
6.1137857,11.467313,17.581098700000002
6.1330557,11.468093,17.6011487
6.1364927,11.465124,17.6016167
6.127899,11.467051,17.59495
6.11316,11.478927,17.592087
6.127275,11.47476,17.602035
6.613888,11.50377,18.117658
6.139358,11.475593,17.614950999999998
6.106337,11.496166,17.602503
6.114463,11.468875,17.583338
6.125451,11.472312,17.597763
6.12915,11.473197,17.602347
6.114983,11.492519,17.607502
6.114045,11.471581,17.585626
6.6048784,11.502468,18.1073464
6.1441493,11.481895,17.6260443
6.12691,11.470904,17.597814
6.1138372,11.472312,17.5861492
6.130972,11.464812,17.595784000000002
6.1242023,11.4713745,17.5955768
6.131754,11.46398,17.595734
6.109983,11.476218,17.586201
