sis,nizk
125.23626,67.65161
124.59226,49.44272
139.12418,58.56867
133.7012,54.749695
143.90114,59.617664
143.30615,53.984695
138.45218,55.92068
144.18913,55.806686
129.67223,52.037704
135.92117,52.0367
131.50821,54.007698
131.6952,64.581635
138.85718,67.12063
189.26787,58.687668
128.51024,58.98467
152.86108,54.468693
143.76015,51.52371
135.17418,50.778713
160.04504,51.356712
128.15125,56.919678
133.43219,51.09971
128.89423,54.852688
138.17717,59.381664
130.80821,66.98463
132.48322,93.495476
160.28105,91.26149
125.55225,109.814384
130.48822,76.70357
134.75018,94.750465
124.94525,92.03848
119.69629,74.17958
130.89922,75.02957
158.21706,75.751564
131.65921,64.815636
192.63385,70.2496
134.58119,65.094635
136.20619,61.97865
131.9342,68.99361
134.38219,70.2916
142.93015,65.248634
198.27081,65.82863
130.75623,69.39561
138.53018,63.018642
142.51215,65.78462
188.25688,58.22367
158.78806,72.36859
182.82092,63.891644
128.66924,61.40765
131.12321,67.98862
123.41326,58.93667
123.22327,62.114647
141.34416,74.81857
125.998245,69.68361
132.8742,66.42462
139.99017,86.36552
167.04599,83.52653
143.98015,59.815662
137.99918,64.19764
131.06322,73.38258
142.70515,67.10162
120.83928,64.86663
135.44818,58.112675
132.16722,63.72264
132.3742,66.03262
136.5212,63.997643
153.12108,73.312584
130.13821,66.81662
130.97922,65.14363
138.01817,55.111687
138.70618,56.71168
128.39124,57.11868
133.17221,63.170643
130.75822,62.951645
142.14516,60.172657
137.75616,56.84168
126.286255,56.90668
141.24715,57.204674
138.56416,57.201675
133.8242,56.79968
147.68312,61.46765
209.85175,57.03668
142.38416,52.0917
134.3392,55.242687
145.20813,54.063698
219.0577,52.016705
147.60512,52.9677
142.20416,52.243706
136.96419,55.704685
127.71525,51.797707
165.15602,54.76469
128.19524,54.813686
127.13224,57.07468
133.5092,54.563694
137.11418,50.277718
121.91827,54.308697
130.47322,65.35164
132.3462,71.5496
141.31715,63.93664
125.744255,60.924656
131.13521,60.35366
170.58899,61.547653
125.81524,56.200684
136.70718,59.846664
179.75093,66.14962
130.22522,77.974556
138.83917,65.69963
140.50616,59.376663
140.27118,54.62069
139.24516,50.445717
137.17818,49.93772
147.57112,52.535706
121.58828,54.117695
127.51624,52.412704
122.998276,52.026703
141.67314,52.648705
127.89925,52.120705
130.37622,51.574707
131.6952,61.475655
149.49512,60.30466
129.15022,65.07863
130.47522,61.776653
135.04019,55.449688
148.04813,50.700714
136.16219,52.001705
139.07217,52.572704
137.73718,54.410694
133.0422,52.9097
132.23122,57.444675
171.82098,54.42969
145.51613,55.214687
160.31606,63.455643
130.66722,62.878647
158.60306,64.046646
130.61322,62.516644
130.77322,60.19866
132.7912,64.33663
128.41225,54.96969
128.57123,50.78871
129.81223,51.611706
202.1988,53.2597
167.96,52.053707
136.90019,55.99668
135.83418,59.397663
140.98317,59.892666
126.01826,55.25769
123.225266,55.15869
213.33073,55.214687
206.23277,55.62269
179.40492,52.9187
134.4362,55.331688
155.62607,57.245674
135.62921,62.695644
144.07317,64.102646
131.20422,56.74468
126.341255,57.140675
130.03522,62.70565
129.97723,60.35366
133.19421,77.70456
140.99718,73.79358
135.8962,68.61961
134.0712,55.12269
137.1062,50.395718
131.4192,50.682713
171.72298,53.3287
136.3322,55.46669
175.65996,66.00263
133.6572,52.186707
132.99321,57.04568
141.18918,54.936687
126.302246,53.049698
129.54424,52.324703
152.3281,57.411674
157.80608,58.436672
166.19002,57.466675
133.56221,58.31267
141.66716,54.254696
124.911255,52.873703
128.24223,51.68271
126.666245,54.69369
147.54512,54.92169
130.52422,53.798695
129.66423,52.0847
162.57404,50.98671
137.97818,53.963696
142.86316,52.070705
127.78523,52.522705
129.70123,52.558704
130.20523,52.632706
191.66687,56.83268
170.011,59.959663
128.03624,57.10168
129.89423,59.545662
191.64384,52.8557
192.20287,57.450676
218.2527,52.380703
121.33628,53.3747
148.50513,52.601704
127.320244,53.313698
130.22922,55.040688
129.24623,57.477676
133.35822,53.0097
127.35024,63.197643
143.31615,52.291702
150.5491,52.656704
126.40825,53.584694
139.79417,56.919678
135.24721,59.820663
134.8222,61.824654
132.2642,60.058662
150.17412,55.51869
127.22625,80.676544
140.27216,68.715614
143.66214,60.532654
136.3922,53.027702
132.97722,52.6817
154.40208,54.222694
131.92122,52.319706
116.78931,52.673706
131.33722,53.2547
143.86115,51.976707
132.35422,51.95971
128.06924,53.375698
123.30927,52.407703
138.34618,54.93869
133.41422,58.179672
133.80522,57.669678
132.35721,57.551674
136.63918,65.70463
141.11517,60.21966
132.82321,63.62264
135.8422,63.66564
130.80821,61.928654
161.44905,55.33769
125.02326,50.529716
133.0222,51.785706
151.75711,60.814655
125.118256,62.02065
131.06223,58.805668
164.56804,55.457687
132.47922,51.82571
127.567245,50.01272
130.94923,52.791702
123.13527,52.271706
126.16025,54.056698
138.30217,57.410675
143.02115,60.619656
128.26524,57.180676
189.19688,63.26764
128.22824,59.50666
140.11417,59.758663
148.70311,57.000683
135.35219,60.23366
187.6349,57.069683
127.92024,57.07268
202.39981,59.822662
161.42305,59.566666
136.63121,57.26568
130.33623,56.235683
141.48216,59.34566
137.4442,57.396675
129.99223,56.86668
129.25023,58.97067
140.22218,90.43949
130.40022,69.86461
154.91708,57.50868
129.82324,51.90471
125.96226,51.50871
151.6701,51.86771
148.34213,52.042706
134.5462,51.78671
199.19482,68.368614
148.14612,60.15066
121.578285,52.04171
126.27426,52.1607
130.72322,51.967705
142.31816,52.565704
126.67126,56.58168
130.56422,58.902668
142.79016,57.766674
178.97095,61.544655
149.23712,59.225662
128.08125,53.633698
131.32922,51.421715
137.03719,51.96371
132.70921,50.72971
126.856255,51.996708
130.56822,51.762707
132.60521,53.2767
129.59023,52.5717
127.082245,52.866703
145.22414,53.2267
167.45702,52.080708
152.62509,52.026707
188.7649,55.720684
138.33818,59.15767
140.11917,60.052658
142.65016,56.853683
147.02213,62.58165
134.7682,53.828697
166.32903,55.96868
131.57722,52.501705
155.27809,51.98871
128.96524,51.83371
132.92221,53.656696
133.16821,51.69071
126.53026,51.88471
127.85324,56.385685
135.82219,66.83762
146.75214,54.65169
134.7892,54.447697
135.77818,54.48769
141.86917,61.116653
127.57325,57.284676
132.25822,56.92368
139.92618,59.738667
135.4852,56.40168
134.2162,65.38163
138.55717,70.8116
141.93716,66.763626
138.50719,56.169685
129.16223,53.0747
132.94623,51.888706
148.70311,51.80871
179.85693,52.306705
128.00024,52.3897
130.00824,51.888706
132.79022,51.886707
136.3642,59.115665
132.08023,53.865696
149.25212,52.05771
130.13823,57.68768
144.26814,56.89568
134.9022,59.944664
134.94421,61.090656
217.66072,62.20665
137.86418,64.72263
127.24924,57.533676
144.84116,60.18566
136.8142,57.796673
132.16522,57.11568
132.65921,59.074665
136.4482,69.53561
127.480255,59.755665
148.81311,56.67968
157.47307,52.047707
143.79814,52.483704
131.85522,53.2117
129.82123,52.426704
141.05215,51.992706
133.5462,53.770695
136.7782,53.1527
151.4131,52.623703
127.319244,54.626694
184.51591,54.761692
143.61816,58.48767
143.38817,54.726692
140.55219,50.076717
133.34622,55.932686
135.75018,56.87968
151.61412,62.850647
128.20023,56.84968
129.66023,57.00468
152.4391,56.71868
137.21118,57.245678
140.91916,57.21468
153.64009,63.729637
145.17815,65.09363
141.88217,57.76568
124.69327,63.931637
124.143265,64.581635
132.78223,69.8886
147.95914,51.86771
122.624275,51.969707
148.59912,51.774708
141.43117,52.054707
135.6052,53.8407
143.10115,52.218704
144.57614,52.9047
132.84322,52.093708
158.03607,51.70171
134.8332,51.71571
208.24178,52.13171
197.82584,51.91871
141.17117,53.3927
177.37195,51.768707
127.95925,55.66469
156.62306,58.841667
123.90527,51.74771
123.23027,52.562702
131.30623,51.591713
136.27321,51.519707
130.49222,54.3317
154.39009,52.114708
141.75516,52.1467
139.09418,56.74668
160.00507,65.931625
137.04118,69.89361
130.52423,59.860664
183.66492,56.65668
131.72023,60.151657
187.13289,56.97668
133.62622,57.01768
146.41313,57.566677
136.7812,57.412678
130.10623,59.097668
151.2801,100.586426
141.90517,60.261658
159.52007,64.97663
136.1832,56.44868
130.72023,51.91071
142.50616,52.944702
140.31117,52.210705
127.750244,52.511703
186.08691,52.121708
135.4752,52.859703
151.7671,54.48069
137.0062,52.338703
182.85092,54.51469
179.19095,52.213703
166.71503,55.30169
141.93117,59.346664
148.71613,66.40863
129.95723,70.6926
163.15604,66.59663
136.9142,52.708706
132.88222,52.10471
139.60017,52.717705
148.28014,52.423706
141.42317,52.449703
127.46924,61.363655
129.67424,63.025646
130.59424,57.852673
124.66727,52.622707
142.07617,56.64568
126.73825,54.93769
137.7562,52.08971
175.64798,58.28167
130.18124,59.796665
145.30115,63.671642
137.54219,60.883656
142.45216,57.14568
145.88014,58.092674
133.79521,65.25564
138.9932,69.04362
156.82108,59.731663
131.68423,60.945656
138.41219,56.48468
149.05112,60.289658
146.15215,51.961708
133.81223,52.545704
129.17024,54.143696
136.1752,52.273705
144.87814,58.124672
132.41122,54.740692
140.31418,52.373703
150.07813,53.4627
133.4582,52.693703
137.56119,51.77171
157.89809,52.6337
150.67812,53.1977
168.12701,51.576706
154.95209,56.96868
154.00009,59.08067
132.70921,59.774662
133.07121,65.70263
167.49202,64.31764
131.78423,63.540646
145.36615,57.685677
146.08415,54.63769
169.03702,57.294674
123.556274,62.218647
147.18013,61.92065
143.31616,54.82269
135.4852,55.104687
128.91324,84.12353
153.5521,64.92663
136.1192,55.92569
130.16724,55.139687
165.80203,54.357697
133.05823,56.178684
168.51003,55.077686
141.18918,54.362694
150.43211,52.8637
149.44913,52.14171
154.78308,57.692677
135.94022,54.65469
129.49324,55.196686
156.54909,61.97765
165.50003,65.192635
142.67516,59.829662
134.59521,59.764664
133.41621,57.619675
143.83916,57.154682
133.45322,57.069683
130.50023,57.12568
147.15613,61.992653
178.45795,60.07366
133.62723,60.029663
139.12119,60.021664
147.55313,57.387676
134.8522,57.22268
174.65396,58.304672
132.83122,57.372673
173.73398,68.06962
137.1882,59.967663
140.18118,54.896694
138.17918,55.307686
149.09613,56.397682
144.93614,59.83966
155.96309,56.211685
142.44917,54.358696
144.20616,55.491688
134.7552,54.53369
129.55424,54.94669
130.16223,53.058704
142.81815,49.921722
134.4342,60.16466
132.88322,59.494663
153.03511,50.100723
144.02417,51.95671
139.22119,55.215687
141.22018,57.404675
153.77809,53.107704
146.20615,59.847664
137.49521,59.314663
137.78519,71.000595
137.0932,73.097595
140.36417,64.78564
132.41924,57.33468
144.39615,55.474686
141.95816,50.25672
131.70323,50.469715
160.22707,52.2527
134.8932,60.48666
131.48323,58.117672
133.36722,56.57768
129.03824,50.540714
146.02513,50.024723
139.80319,52.336704
166.87903,57.68768
137.1962,56.947678
140.48119,62.096653
145.65115,59.824665
134.89021,62.85865
194.75784,59.865665
136.6942,60.010666
153.9611,60.35466
133.48022,57.11868
177.46895,57.209682
133.17822,58.08367
129.65924,56.94268
209.73376,59.411663
157.65408,57.668674
132.97923,52.367706
131.75723,52.1607
144.69617,52.187706
133.76622,52.644703
145.95915,52.18671
130.74022,52.3217
143.20016,57.13368
163.75603,52.741703
132.51422,57.007683
229.59364,52.6407
159.59108,52.367706
131.83821,53.008705
182.28194,54.155697
149.91214,59.503662
163.78003,60.64566
132.64522,56.414684
140.86818,55.31569
159.57307,55.39969
132.69122,54.724693
161.40306,57.410675
128.43025,55.59369
131.04024,52.520702
136.3462,53.5767
134.15022,55.222687
128.72525,55.235687
155.61108,75.746574
127.872246,68.12262
136.8092,60.008663
165.72603,61.188656
130.93823,54.162697
134.22821,54.436695
145.62215,52.250706
132.93121,52.632706
124.15627,51.951706
151.8031,52.544704
141.38618,52.142708
134.2752,53.023705
145.89413,54.96369
142.71916,56.49568
142.07817,52.277702
152.14812,50.65872
151.50713,54.196697
140.67818,58.706673
133.26122,57.436676
131.03323,51.775707
136.06021,55.921684
143.03815,56.05868
135.19722,52.09671
182.74994,52.604706
137.88719,52.381706
171.18298,53.149704
139.2202,53.1137
150.83011,66.389626
138.8142,52.471706
132.28722,55.313686
173.24599,52.451702
146.05515,55.82769
174.07498,59.967663
145.59116,58.90867
145.59615,58.848667
137.65419,60.024662
149.08012,59.831665
131.11223,55.679688
136.2492,58.90567
129.62924,57.400677
136.81319,61.214657
132.33823,59.83966
139.42719,59.857662
136.4302,57.647675
154.4151,55.33569
130.73123,58.59367
158.26907,52.038708
142.07117,51.961708
132.68922,52.499702
171.38899,52.554703
135.31921,51.844707
150.43811,55.44569
129.69424,56.420685
133.06822,54.837692
176.19897,56.53868
133.40321,71.2306
156.60909,60.177666
147.38513,50.728718
112.509346,52.582703
113.916336,52.623703
119.864296,56.90668
116.38832,58.83867
122.80828,62.48365
138.7122,51.064713
176.72096,50.243717
145.14014,52.087708
157.78508,51.73971
137.63521,52.239704
154.91609,51.568714
139.58319,56.647682
156.92007,52.264706
124.31227,55.567688
129.01425,58.90167
157.06909,57.810677
128.78224,61.009655
135.4202,58.45867
186.58691,57.196682
176.06396,58.883667
150.16212,57.014683
142.38817,53.639698
123.138275,52.10371
129.74223,51.810707
136.2592,50.275723
133.72322,50.89971
132.94623,52.324703
131.31024,53.973698
152.89212,52.17571
139.35718,52.255707
143.17717,50.07672
157.71408,51.174713
132.74722,52.632706
153.81909,52.304703
130.03024,57.545677
137.8682,59.14167
145.61813,57.15068
132.66222,57.766678
146.11015,58.307674
148.93513,58.365673
134.75722,67.41362
141.98317,74.10458
138.13019,60.59266
126.55327,61.840652
149.20813,59.725666
134.42822,58.353672
141.09218,57.21568
147.01614,58.133675
125.59727,57.03668
136.41621,66.61562
154.13312,74.37559
132.87622,63.510643
134.06023,58.45367
196.52187,52.502705
145.93614,52.532703
150.00012,52.022705
142.43018,52.580704
144.16217,52.492702
139.84018,52.364704
159.88406,53.843697
133.53622,52.328705
152.95612,52.3487
136.1652,55.838688
152.8491,61.017654
141.58818,56.88868
132.62422,57.24368
135.49123,55.69369
141.97418,62.186646
132.66023,52.6957
128.46326,54.462696
138.8702,53.265697
143.10316,52.292706
155.1211,53.915695
134.39322,53.908695
176.42299,52.303707
133.73521,65.626625
155.9171,59.05967
141.20119,52.522705
219.42473,55.598686
139.90518,52.481705
150.71613,55.14369
137.44121,57.521675
142.59018,60.01166
166.98701,61.459656
125.126274,57.32168
147.06314,59.294666
132.68922,57.595676
127.065254,59.376663
139.4382,52.3767
134.42023,52.7947
148.31314,55.896687
157.62009,55.91669
137.65819,52.603703
140.30418,55.297688
143.04216,55.94769
132.90222,54.086697
170.771,55.14369
135.26122,53.9097
170.15999,52.599705
130.22224,53.937695
157.82109,52.361706
142.69817,57.09568
132.75322,61.728653
155.0801,78.57756
144.14217,67.34262
127.174255,55.76569
141.13417,62.40865
131.84424,66.10763
130.48424,66.097626
156.78809,56.626682
123.50928,55.86369
144.64217,50.040718
142.40417,50.01772
133.47623,53.894695
145.73915,52.450706
143.29617,58.07267
134.66222,59.409668
189.70988,56.63068
143.05916,51.983707
147.43614,53.064705
135.2232,52.560707
167.05403,51.228714
126.27426,54.032696
152.86711,55.108692
139.0662,52.102707
151.86212,52.286705
131.98624,52.673706
126.88826,53.078705
133.25122,61.589653
146.58914,58.015675
127.16825,52.813705
136.9272,59.595665
159.59206,59.020668
139.9952,56.99968
136.31021,57.25368
174.11198,56.94668
156.4741,60.133667
177.75998,57.991673
139.19919,57.07968
170.832,63.17065
143.18317,72.07159
152.48412,56.96968
156.6061,76.82857
148.96013,59.697666
154.4381,63.817642
142.95818,55.94169
115.60933,55.02169
117.06132,59.094666
125.472275,60.498657
117.42232,60.225666
120.3743,52.345703
138.0392,52.324703
143.93317,52.277706
148.94612,52.459705
156.5501,51.997707
142.78917,56.217686
160.16406,60.684658
136.6522,65.21063
197.27884,52.317703
126.42427,55.46969
196.50185,56.604683
187.23392,52.832703
134.41423,52.366703
201.42282,57.08268
133.92322,54.589695
163.52405,51.59471
147.67615,52.996704
150.79912,53.1667
137.61421,57.893673
136.6802,57.31968
149.23413,52.531704
146.94014,53.955696
146.24014,52.552704
137.5142,50.98371
154.45009,52.537704
142.70517,54.70769
143.22417,62.22465
159.20807,62.42965
133.47823,198.52687
143.33015,480.0423
151.16112,258.43954
146.15315,213.8478
159.79407,108.59239
132.81822,243.20064
150.37112,134.65424
172.879,73.740585
138.3672,69.94061
138.15721,91.94648
139.10419,65.47063
141.76317,63.21665
132.29922,60.860657
134.84023,63.10565
142.88516,71.7206
142.65417,64.90864
146.02116,63.668648
170.65901,62.36465
149.61514,69.79761
136.8082,57.34668
141.49619,60.10366
139.81119,57.989677
145.30516,59.898663
156.82309,62.88065
142.21918,57.640675
174.44899,64.71564
145.15315,60.129665
139.07019,60.163666
128.22226,62.151653
160.25706,60.77866
137.93619,60.356667
140.1592,59.87366
130.23224,52.32671
142.55516,55.31269
142.96317,54.72169
150.86813,56.407684
139.0522,56.250683
166.31604,55.388687
143.62616,53.1637
156.17108,52.418705
141.15718,52.4317
183.58493,55.228687
143.35817,52.316708
139.68518,52.544704
143.36917,53.660698
142.11418,59.999664
196.62286,60.219666
170.74501,60.168663
132.13924,62.229652
126.82627,64.509636
122.69629,58.48167
119.25131,52.550705
131.26224,55.21569
116.84932,52.262707
150.91512,52.625706
140.43619,52.678703
189.8759,52.893707
139.1792,54.222694
160.13007,68.72462
139.96619,58.142673
230.94167,56.53868
150.40512,46.81674
131.70723,46.41074
140.13518,48.420727
159.87708,46.47574
137.3492,48.84173
159.97507,49.482727
129.17026,46.18774
149.75212,47.770733
144.56117,47.80973
154.81311,47.374737
143.34416,46.901737
140.27118,46.80274
147.35815,54.94969
133.30122,53.5117
145.25714,52.059708
142.58917,53.3577
145.09915,57.816677
201.70883,58.376675
199.38583,52.077705
151.14214,64.32864
152.5841,67.28663
126.085266,60.246666
172.979,52.373703
136.5952,56.276684
150.39412,53.791695
143.96516,52.512707
135.25821,55.680687
160.40205,54.880695
150.06514,54.89569
153.0991,52.669704
136.42421,57.094677
130.07324,58.34867
153.05511,58.51167
136.9622,58.441673
146.92715,60.315666
147.65315,64.21864
145.44516,57.01768
153.83412,54.460697
135.91922,52.642704
194.21588,52.5927
139.84819,56.119686
164.17004,52.795704
132.00723,56.357685
144.44817,60.378662
145.68016,62.84065
140.16818,55.415688
170.56802,53.097702
133.14223,52.845707
151.58212,53.7547
133.68723,60.54966
142.51418,61.673656
142.28618,77.81656
145.47316,83.04453
133.22523,55.92369
141.50418,56.389687
145.45616,50.784714
151.26813,55.396687
202.40483,56.432682
159.80107,53.946697
157.92809,52.828705
158.46608,56.528683
136.03322,55.082695
146.32016,52.5007
138.7502,55.89369
153.6631,57.606674
151.56113,57.634678
158.16309,57.489677
182.32195,61.154655
162.66106,59.709663
133.83423,61.871655
140.66418,62.13865
136.6842,74.352585
149.72412,66.390625
139.2562,71.9246
141.5472,58.373672
142.98018,63.76264
155.1081,62.34665
155.1521,58.66067
141.29118,58.242672
158.5091,57.640675
138.9132,58.09967
136.4682,58.567673
144.70515,59.31667
198.11885,54.95169
156.0581,52.29871
166.17303,50.27172
145.36215,52.473705
154.42711,52.542706
145.43416,52.469704
125.82227,56.00969
119.61731,52.393703
116.96132,54.512695
123.14129,54.481697
120.7823,53.112705
138.73419,65.053635
142.90717,63.345642
145.56316,60.202667
140.82718,56.219685
156.96309,55.43469
152.5431,58.901672
154.33212,61.095654
152.29211,58.09967
126.892265,53.204704
164.39406,55.33769
153.0321,61.241657
145.56715,72.22859
173.54,65.22663
191.85988,58.345673
149.73514,57.992676
163.07607,55.37069
131.11923,60.69966
153.75212,50.17772
130.85924,50.937717
136.85822,57.354683
143.06818,57.11668
145.34216,52.6547
204.58983,54.236694
148.69815,53.006706
136.75621,57.333683
140.6182,53.018703
225.28171,53.090702
211.27577,52.08071
147.64615,52.11771
134.94623,52.893707
