int_mut,nizk,nizk_mut
189.04771,67.65161,124.99331
176.8888,49.44272,123.75932
183.30774,58.56867,133.95827
182.60376,54.749695,129.86728
193.51268,59.617664,127.33031
180.56577,53.984695,124.15132
189.90869,55.92068,139.88124
191.10268,55.806686,135.09425
204.2796,52.037704,137.99625
191.71068,52.0367,147.7962
173.15681,54.007698,133.92226
180.18777,64.581635,136.02626
191.2447,67.12063,172.03006
200.29863,58.687668,146.88219
174.1918,58.98467,125.164314
175.92981,54.468693,133.50627
177.81079,51.52371,126.219315
173.42183,50.778713,130.80728
195.93066,51.356712,153.38016
201.56064,56.919678,129.84529
182.31276,51.09971,127.27231
179.99777,54.852688,128.4283
177.0358,59.381664,129.2263
190.5457,66.98463,126.45931
182.28976,93.495476,143.4362
230.79243,91.26149,131.56927
202.66663,109.814384,141.64723
187.9837,76.70357,143.16623
180.92677,94.750465,121.140335
174.8928,92.03848,122.50333
177.41579,74.17958,128.0673
186.29674,75.02957,129.92929
198.69466,75.751564,126.9103
182.65576,64.815636,126.11331
175.3298,70.2496,147.7562
176.23381,65.094635,176.70103
170.54384,61.97865,141.41423
194.75667,68.99361,135.63226
176.07782,70.2916,141.34123
178.83278,65.248634,139.99825
183.95973,65.82863,132.72327
232.96742,69.39561,138.70224
205.8316,63.018642,139.11424
187.83672,65.78462,144.25421
183.03577,58.22367,159.18713
181.62877,72.36859,134.27228
194.13869,63.891644,134.27228
198.73965,61.40765,129.28429
174.95181,67.98862,122.520325
183.19675,58.93667,126.16231
179.94977,62.114647,140.30122
193.49869,74.81857,139.36723
198.69765,69.68361,137.41724
184.18974,66.42462,142.64021
183.41675,86.36552,139.92624
180.00777,83.52653,134.28326
193.77469,59.815662,163.66211
194.62668,64.19764,162.08412
178.21979,73.38258,116.44436
180.32378,67.10162,135.51227
186.20674,64.86663,124.55532
197.57367,58.112675,121.294334
194.0317,63.72264,143.5552
187.4927,66.03262,133.82526
175.08882,63.997643,136.07025
180.20879,73.312584,143.86122
181.02979,66.81662,130.9923
204.52061,65.14363,139.18623
178.01979,55.111687,143.33722
176.54181,56.71168,135.10327
181.84477,57.11868,136.38025
179.37178,63.170643,142.55821
195.41968,62.951645,116.73636
215.72153,60.172657,123.01633
197.79666,56.84168,131.25429
184.05775,56.90668,132.64127
197.04366,57.204674,131.06728
188.70071,57.201675,125.29331
179.37679,56.79968,144.2742
183.96675,61.46765,179.31203
184.61375,57.03668,142.18622
201.35564,52.0917,133.00227
195.61969,55.242687,137.39925
185.59674,54.063698,139.02724
176.2998,52.016705,137.94325
176.70181,52.9677,131.05827
180.57777,52.243706,145.9012
193.5947,55.704685,133.77327
185.43774,51.797707,140.69022
197.81465,54.76469,150.13118
178.76779,54.813686,129.5173
189.05872,57.07468,124.98532
185.32175,54.563694,123.72533
182.10576,50.277718,125.82432
190.20673,54.308697,120.59735
186.75374,65.35164,128.67929
202.09163,71.5496,147.0622
187.83572,63.93664,133.25627
176.1678,60.924656,138.03824
180.25377,60.35366,145.1332
183.81976,61.547653,177.95703
195.15169,56.200684,176.76903
183.63576,59.846664,119.03236
181.46979,66.14962,125.26731
179.62979,77.974556,124.84532
197.98465,65.69963,122.70633
198.47566,59.376663,122.21633
187.35573,54.62069,136.30226
186.24873,50.445717,134.17926
180.13878,49.93772,132.30228
180.54678,52.535706,134.52126
197.73267,54.117695,139.23824
203.23563,52.412704,132.98727
177.4138,52.026703,143.26122
189.03972,52.648705,138.06625
182.42377,52.120705,134.12227
180.76079,51.574707,140.27522
196.86967,61.475655,147.0942
189.97072,60.30466,131.71228
183.85675,65.07863,143.49721
177.94978,61.776653,137.79526
236.4884,55.449688,135.30527
201.80264,50.700714,161.41412
181.77977,52.001705,166.02309
184.36275,52.572704,141.65723
179.0398,54.410694,135.61026
184.25377,52.9097,131.80228
203.91364,57.444675,143.54321
175.33383,54.42969,134.85326
183.22977,55.214687,139.94624
175.1428,63.455643,143.62122
198.68065,62.878647,131.99728
216.22154,64.046646,134.69327
198.18166,62.516644,142.05423
196.38768,60.19866,135.74226
185.34276,64.33663,131.62927
225.1695,54.96969,143.40721
192.0977,50.78871,146.0512
179.0248,51.611706,131.85529
184.57675,53.2597,145.52621
179.69678,52.053707,132.29129
188.52972,55.99668,140.18423
199.30266,59.397663,151.72617
201.19264,59.892666,126.12331
181.03978,55.25769,177.08902
180.30879,55.15869,116.66236
178.5158,55.214687,122.42633
192.86769,55.62269,122.94733
199.92065,52.9187,140.27122
197.23767,55.331688,129.77429
181.23178,57.245674,140.21524
179.9818,62.695644,140.18825
227.14845,64.102646,120.86134
204.96463,56.74468,121.363335
184.70175,57.140675,120.885345
182.53477,62.70565,122.78133
200.26265,60.35366,121.88133
203.18663,77.70456,124.46133
184.19977,73.79358,141.60522
180.59479,68.61961,140.99524
183.13878,55.12269,133.94026
194.0717,50.395718,132.66328
204.74562,50.682713,142.07822
189.64372,53.3287,135.81927
173.55783,55.46669,135.52824
187.39775,66.00263,142.22223
181.02377,52.186707,177.08003
201.10464,57.04568,157.16414
224.1645,54.936687,122.46833
193.9547,53.049698,120.731346
172.63884,52.324703,125.61232
198.50667,57.411674,122.93733
185.60875,58.436672,121.335335
180.65878,57.466675,123.254326
180.44879,58.31267,136.71724
193.1897,54.254696,132.95027
200.22665,52.873703,133.77927
188.85674,51.68271,142.50322
190.84372,54.69369,129.57129
185.95876,54.92169,137.46425
189.75072,53.798695,150.11618
192.04572,52.0847,121.916336
182.10477,50.98671,121.53934
188.98573,53.963696,122.562325
191.1537,52.070705,121.55933
201.09564,52.522705,120.54334
188.29474,52.558704,121.154335
180.88579,52.632706,144.73322
189.15874,56.83268,142.29121
188.37772,59.959663,177.29004
202.71564,57.10168,179.65503
203.66664,59.545662,122.86433
203.71964,52.8557,121.294334
205.83463,57.450676,116.87135
191.35771,52.380703,120.66934
183.44579,53.3747,124.48132
173.33383,52.601704,127.5543
187.06276,53.313698,137.19626
181.74078,55.040688,131.19728
253.87129,57.477676,135.20625
194.5837,53.0097,144.13321
179.9148,63.197643,130.8183
181.59479,52.291702,135.71626
196.97667,52.656704,144.7962
191.6757,53.584694,131.12428
187.69174,56.919678,133.44627
182.36777,59.820663,144.0262
201.52866,61.824654,131.58327
188.34775,60.058662,133.38127
186.79774,55.51869,144.52322
183.18779,80.676544,131.51828
186.92574,68.715614,185.89398
213.26257,60.532654,131.00928
195.65369,53.027702,139.54124
184.33876,52.6817,144.20421
220.63351,54.222694,137.09325
201.77266,52.319706,1364.0575
187.41174,52.673706,167.77908
190.57272,53.2547,223.78679
189.56372,51.976707,213.26283
193.0287,51.95971,247.80266
191.07872,53.375698,248.51765
181.2358,52.407703,138.38525
191.44972,54.93869,166.07309
193.46269,58.179672,182.313
211.87057,57.669678,235.26971
197.76466,57.551674,158.74713
190.07472,65.70463,212.99884
189.91875,60.21966,191.33095
190.62573,63.62264,177.11803
235.48943,63.66564,205.82887
203.87563,61.928654,427.75064
182.12778,55.33769,347.1161
199.71565,50.529716,226.56175
187.63374,51.785706,305.48535
188.59575,60.814655,343.3541
189.05273,62.02065,1314.5879
183.65378,58.805668,252.5374
201.18564,55.457687,235.09315
193.1997,51.82571,173.01309
185.63075,50.01272,449.44745
189.51373,52.791702,345.98322
182.77579,52.271706,427.43985
217.48756,54.056698,289.44016
198.00867,57.410675,302.79694
222.50952,60.619656,187.20586
185.16576,57.180676,217.32434
170.74287,63.26764,252.30377
169.80586,59.50666,212.48044
169.11285,59.758663,278.18735
194.18271,57.000683,145.31956
184.02077,60.23366,186.80888
198.53967,57.069683,135.15073
186.40276,57.07268,201.84663
190.62773,59.822662,150.55148
190.66972,59.566666,130.15282
202.77563,57.26568,120.24799
193.17972,56.235683,123.35094
184.35178,59.34566,124.49192
200.17967,57.396675,145.81357
190.54173,56.86668,129.50385
229.75748,58.97067,136.5157
199.84767,90.43949,136.08272
188.48975,69.86461,138.78368
186.69675,57.50868,161.3623
198.93468,51.90471,130.86882
188.61674,51.50871,125.02492
196.7387,51.86771,124.596924
190.18173,52.042706,129.13585
202.36066,51.78671,129.37885
203.29263,68.368614,125.82691
194.53369,60.15066,145.49257
169.58987,52.04171,132.82878
190.09674,52.1607,135.49873
205.22263,51.967705,143.3916
194.8637,52.565704,134.04677
189.97572,56.58168,182.03896
197.51167,58.902668,118.54202
198.16768,57.766674,138.46469
199.46765,61.544655,128.61086
184.99077,59.225662,122.70896
198.19669,53.633698,123.55495
190.96472,51.421715,128.47487
203.15565,51.96371,149.89551
198.53967,50.72971,139.20767
192.8417,51.996708,144.6296
182.43279,51.762707,138.25769
184.70978,53.2767,139.59067
217.57254,52.5717,140.80968
191.65173,52.866703,137.62172
188.39574,53.2267,132.5188
195.4027,52.080708,135.30974
249.41934,52.026707,144.1006
196.8207,55.720684,140.60367
195.9377,59.15767,148.60252
194.1667,60.052658,139.0717
205.92464,56.853683,137.96771
198.0327,62.58165,183.93195
185.56375,53.828697,163.65028
186.61375,55.96868,144.9066
201.26666,52.501705,134.28476
192.58772,51.98871,135.87173
184.25578,51.83371,144.00763
191.09474,53.656696,134.55876
183.89778,51.69071,147.62956
209.4016,51.88471,138.1987
195.6757,56.385685,139.4637
203.89165,66.83762,158.33537
195.2407,54.65169,133.74377
203.01266,54.447697,138.8527
193.81972,54.48769,145.1656
194.13972,61.116653,139.1097
185.40576,57.284676,147.19556
197.47069,56.92368,142.68564
192.32672,59.738667,137.50772
185.41776,56.40168,132.60681
184.92278,65.38163,142.91864
198.71169,70.8116,134.14978
212.7686,66.763626,183.30797
198.27367,56.169685,130.68584
189.68375,53.0747,142.90663
194.4147,51.888706,148.98055
187.19975,51.80871,132.23282
208.92761,52.306705,143.13065
189.82074,52.3897,132.8868
188.14876,51.888706,134.59778
194.5007,51.886707,134.82677
216.16257,59.115665,145.7586
207.57161,53.865696,130.38785
205.22763,52.05771,137.90472
188.61174,57.68768,143.89961
189.87674,56.89568,133.79579
186.50175,59.944664,141.12267
186.36876,61.090656,146.42558
201.53166,62.20665,134.59279
195.7877,64.72263,150.34253
193.74171,57.533676,146.97458
188.27574,60.18566,134.0548
216.40556,57.796673,134.17278
195.10771,57.11568,174.23512
186.08076,59.074665,149.47853
190.58875,69.53561,124.10795
205.90762,59.755665,122.639984
189.19975,56.67968,124.696945
197.77267,52.047707,123.96396
195.9357,52.483704,143.74864
200.67267,53.2117,134.3348
203.72964,52.426704,156.44742
179.32281,51.992706,136.59375
186.08276,53.770695,142.37666
198.41568,53.1527,147.54657
205.47163,52.623703,148.18356
192.93872,54.626694,141.64667
225.01451,54.761692,147.32057
203.13165,58.48767,132.23982
203.88666,54.726692,139.3587
209.71962,50.076717,144.75562
214.79059,55.932686,133.41481
214.33858,56.87968,140.83469
199.66867,62.850647,145.7566
197.3337,56.84968,134.76878
189.99673,57.00468,178.98506
190.25073,56.71868,131.51485
203.71866,57.245678,156.76443
195.9687,57.21468,140.2057
183.11678,63.729637,140.3057
187.04976,65.09363,144.16563
201.33667,57.76568,135.15977
253.38432,63.931637,133.24081
206.89163,64.581635,143.61565
198.2107,69.8886,133.02481
208.51262,51.86771,136.00378
191.99673,51.969707,142.26967
180.7598,51.774708,122.206
199.14868,52.054707,123.87697
211.74861,53.8407,128.8449
198.0837,52.218704,126.330925
190.38774,52.9047,126.133934
201.10468,52.093708,135.89677
199.57368,51.70171,152.4295
194.83273,51.71571,135.22879
194.52971,52.13171,136.43175
189.67174,51.91871,183.661
244.87038,53.3927,146.80258
209.85861,51.768707,126.26493
187.32077,55.66469,122.84299
192.89772,58.841667,122.87399
198.7107,51.74771,123.890976
199.8707,52.562702,143.56364
196.60071,51.591713,133.52582
189.91376,51.519707,134.0028
186.66377,54.3317,145.40863
198.4157,52.114708,123.91198
195.7167,52.1467,125.23595
199.75468,56.74668,123.57398
200.01068,65.931625,124.53197
215.97858,69.89361,134.58582
193.65172,59.860664,138.37575
198.9067,56.65668,160.97636
188.69576,60.151657,131.14986
199.7867,56.97668,143.67865
206.24664,57.01768,134.8548
209.76262,57.566677,132.70483
201.31667,57.412678,131.56586
195.8457,59.097668,177.8551
189.81876,100.586426,199.05775
188.55475,60.261658,169.21925
192.96074,64.97663,133.14084
195.38672,56.44868,134.68181
193.34973,51.91071,132.50084
208.90662,52.944702,121.31202
201.24667,52.210705,124.12298
200.09569,52.511703,139.59773
260.40726,52.121708,131.32187
204.94565,52.859703,136.78476
208.01064,54.48069,145.12465
199.57068,52.338703,132.02785
196.56772,54.51469,139.88472
180.54082,52.213703,143.68864
211.6836,55.30169,135.12079
198.5737,59.346664,139.67473
204.87265,66.40863,142.49268
189.82474,70.6926,131.81386
204.11865,66.59663,139.11575
204.90466,52.708706,142.93466
197.14871,52.10471,131.22386
200.79466,52.717705,176.87813
202.10167,52.423706,124.78797
216.40457,52.449703,135.1808
199.8167,61.363655,141.84169
199.2107,63.025646,127.410934
207.62764,57.852673,141.33769
202.84167,52.622707,149.96655
189.91475,56.64568,121.925026
190.25575,54.93769,121.09704
209.31963,52.08971,121.886024
219.74155,58.28167,120.43605
213.8006,59.796665,119.28006
222.72153,63.671642,121.36203
204.07965,60.883656,142.74669
193.27274,57.14568,143.16368
197.0547,58.092674,132.32185
245.33838,65.25564,134.50082
225.47852,69.04362,144.02068
198.3857,59.731663,122.21302
190.46275,60.945656,119.63506
200.18367,56.48468,120.03505
194.25272,60.289658,120.86204
195.5697,51.961708,164.58932
200.14868,52.545704,166.4443
213.6926,54.143696,124.67098
211.1786,52.273705,123.32
185.24777,58.124672,120.29706
200.01767,54.740692,119.873055
198.9937,52.373703,119.75906
200.51968,53.4627,121.37603
201.61469,52.693703,142.64868
236.16246,51.77171,137.94676
220.54956,52.6337,136.77379
197.3537,53.1977,132.62686
208.23865,51.576706,143.03568
200.26169,56.96868,129.21492
209.89262,59.08067,136.59578
210.99661,59.774662,142.9117
195.46672,65.70263,129.69492
200.39868,64.31764,137.6128
213.15662,63.540646,141.14774
202.24968,57.685677,135.76381
194.42873,54.63769,136.99979
199.8457,57.294674,142.3287
213.87561,62.218647,172.24823
206.17766,61.92065,173.84819
205.01166,54.82269,117.91509
195.04373,55.104687,120.33506
212.5966,84.12353,121.59204
197.32172,64.92663,122.67902
199.9437,55.92569,122.72102
200.7867,55.139687,124.50499
211.81161,54.357697,138.63977
197.8267,56.178684,131.55388
203.25267,55.077686,137.33778
196.63371,54.362694,141.65572
214.0226,52.8637,129.5469
194.34471,52.14171,138.47678
200.1527,57.692677,142.28271
205.49165,54.65469,129.55692
242.62141,55.196686,136.7688
221.74454,61.97765,144.11569
202.08467,65.192635,129.57191
196.41772,59.829662,137.12779
227.2975,59.764664,141.74873
196.62872,57.619675,131.02188
199.0507,57.154682,132.98586
199.94969,57.069683,178.19614
214.1776,57.12568,129.81091
206.35365,61.992653,142.01172
190.13075,60.07366,140.05374
189.29076,60.029663,134.12685
213.3116,60.021664,131.86789
209.03963,57.387676,138.55777
197.14871,57.22268,133.41786
247.18239,58.304672,136.18481
227.84651,57.372673,140.23175
219.91757,68.06962,129.73592
208.35963,59.967663,142.47571
197.5737,54.896694,142.51472
200.00969,55.307686,129.19693
212.6316,56.397682,136.01183
209.14163,59.83966,135.24084
202.03967,56.211685,129.48293
197.37271,54.358696,137.9448
211.78963,55.491688,151.05658
207.77965,54.53369,120.27007
199.6787,54.94669,122.39404
199.70569,53.058704,159.12245
261.54428,49.921722,149.79459
209.03163,60.16466,121.05705
199.73169,59.494663,143.1577
204.19467,50.100723,120.21507
207.93365,51.95671,121.877045
209.84563,55.215687,121.582054
220.15756,57.404675,122.50404
221.69456,53.107704,119.219086
205.84665,59.847664,122.30704
199.9267,59.314663,141.22073
190.56375,71.000595,142.21773
206.31566,73.097595,132.28088
208.10065,64.78564,138.02379
194.77373,57.33468,142.48271
212.9306,55.474686,131.4089
200.27068,50.25672,127.76096
207.19466,50.469715,152.16856
218.35658,52.2527,120.86507
205.88066,60.48666,121.26107
210.11862,58.117672,120.58807
205.37967,56.57768,122.44004
208.61165,50.540714,120.73407
201.16768,50.024723,168.2763
212.8726,52.336704,172.11124
210.34662,57.68768,122.87604
196.64972,56.947678,120.73707
200.7117,62.096653,122.70504
216.99757,59.824665,121.59706
203.65266,62.85865,121.47307
255.53033,59.865665,122.57805
212.69661,60.010666,146.33865
214.99858,60.35466,128.44894
206.91365,57.11868,135.24484
202.11269,57.209682,149.9086
187.67278,58.08367,120.84308
207.61565,56.94268,120.61008
201.32469,59.411663,122.92704
200.5157,57.668674,121.645065
211.6876,52.367706,114.067184
206.61565,52.1607,121.30807
201.33769,52.187706,145.75067
199.82271,52.644703,145.08769
199.6807,52.18671,130.91792
207.24365,52.3217,136.64583
220.01257,57.13368,144.0287
201.85869,52.741703,175.1282
210.19264,57.007683,180.19713
221.93256,52.6407,121.22107
214.6656,52.367706,123.58503
201.11569,53.008705,125.605
193.72673,54.155697,120.038086
217.46059,59.503662,120.81608
202.00468,60.64566,145.24269
196.74771,56.414684,126.09699
202.71869,55.31569,136.50883
215.07861,55.39969,143.09373
208.10265,54.724693,131.82791
191.63176,57.410675,136.14084
229.4255,55.59369,142.78572
224.17854,52.520702,131.8079
217.34859,53.5767,146.39569
220.20757,55.222687,137.9938
206.93466,55.235687,137.41882
198.4667,75.746574,131.74391
199.9727,68.12262,138.1868
205.36166,60.008663,128.47496
218.72658,61.188656,133.93187
210.73662,54.162697,183.70909
194.21974,54.436695,136.69484
198.40971,52.250706,145.93568
209.64163,52.632706,129.55495
200.82469,51.951706,137.9768
201.19469,52.544704,148.05365
215.2836,52.142708,129.54494
209.58563,53.023705,137.51782
204.60667,54.96369,142.38072
200.6957,56.49568,133.30888
201.22668,52.277702,136.77383
211.46764,50.65872,143.47772
208.79065,54.196697,131.44893
210.49963,58.706673,134.67487
219.21457,57.436676,144.03271
209.15366,51.775707,131.65392
200.5097,55.921684,135.47685
191.76675,56.05868,144.31871
207.06465,52.09671,131.51892
214.5936,52.604706,130.44093
229.27951,52.381706,142.24875
212.21863,53.149704,174.73323
205.73068,53.1137,173.79526
216.87961,66.389626,120.4561
202.7627,52.471706,120.44209
213.59161,55.313686,126.99999
212.43063,52.451702,119.47911
218.31258,55.82769,121.46709
207.57666,59.967663,121.317085
199.7037,58.90867,142.65173
206.98567,58.848667,129.23296
216.2556,60.024662,135.96385
205.37067,59.831665,150.02264
200.75871,55.679688,130.87393
256.02234,58.90567,132.4339
233.24948,57.400677,141.74376
206.80766,61.214657,129.05197
203.95169,59.83966,138.06183
197.52072,59.857662,149.53064
226.04753,57.647675,120.70809
191.19775,55.33569,120.3421
202.49269,58.59367,122.675064
199.9747,52.038708,120.108116
217.60358,51.961708,119.46612
201.95268,52.499702,167.10637
201.56268,52.554703,187.44704
207.57066,51.844707,116.646164
218.01558,55.44569,125.12803
243.11542,56.420685,122.014084
236.57347,54.837692,122.87807
205.38167,56.53868,124.380035
210.15263,71.2306,128.21898
228.10352,60.177666,136.43385
226.97154,50.728718,133.2899
205.23167,52.582703,135.52386
198.65071,52.623703,142.17377
193.45074,56.90668,132.48392
205.54466,58.83867,134.08989
209.38664,62.48365,142.08276
202.4017,51.064713,129.15997
200.26271,50.243717,136.55185
214.2346,52.087708,145.24272
225.57054,51.73971,132.9669
201.48671,52.239704,134.96588
195.82474,51.568714,145.65771
214.9786,56.647682,131.05894
208.10765,52.264706,184.22911
193.71774,55.567688,126.41801
205.87466,58.90167,130.81995
213.90462,57.810677,146.03572
206.52068,61.009655,131.83293
199.8237,58.45867,133.19292
200.57571,57.196682,143.78375
213.82062,58.883667,131.63693
209.97064,57.014683,133.6499
203.52669,53.639698,144.59073
201.31871,52.10371,131.91093
245.26543,51.810707,134.1649
215.24362,50.275723,143.42876
200.4447,50.89971,131.48494
206.28267,52.324703,134.54189
237.02147,53.973698,141.85078
213.75063,52.17571,128.76797
209.33765,52.255707,136.30188
209.54564,50.07672,147.0317
215.8996,51.174713,132.69493
217.40561,52.632706,134.85889
226.01454,52.304703,189.82004
215.4866,57.545677,146.33171
206.87166,59.14167,122.109085
202.6167,57.15068,117.671165
241.79544,57.766678,120.94811
208.40167,58.307674,122.19608
198.21872,58.365673,144.15875
199.56172,67.41362,131.53094
219.91858,74.10458,133.61491
203.32568,60.59266,141.68279
191.13878,61.840652,133.78992
200.8487,59.725666,133.56691
220.16858,58.353672,144.19275
205.72067,57.21568,130.94696
199.5917,58.133675,134.52689
199.00371,57.03668,149.78368
215.98462,66.61562,120.75211
207.84865,74.37559,121.366104
245.33841,63.510643,125.030045
222.78357,58.45367,120.593124
225.81755,52.502705,120.11613
211.51663,52.532703,120.76412
202.5397,52.022705,142.59679
199.90071,52.580704,193.28099
214.27463,52.492702,156.87155
206.47766,52.364704,120.61312
199.08873,53.843697,122.43108
201.05171,52.328705,122.65508
214.56462,52.3487,117.62117
208.08865,55.838688,142.1818
209.03265,61.017654,124.860054
212.01865,56.88868,120.59812
276.20023,57.24368,122.98909
209.99065,55.69369,121.41911
202.8637,62.186646,121.60412
206.75267,52.6957,124.00507
217.9726,54.462696,142.32779
199.7977,53.265697,136.51689
203.03268,52.292706,137.87885
199.68672,53.915695,126.283035
213.05862,53.908695,143.65077
228.26353,52.303707,136.16689
209.10765,65.626625,135.5649
198.57472,59.05967,142.75179
200.49771,52.522705,131.39996
214.41862,55.598686,149.52368
281.61816,52.481705,185.15813
214.49962,55.14369,150.81966
196.66673,57.521675,120.85312
229.16452,60.01166,121.34712
215.7946,61.459656,125.36706
207.31767,57.32168,121.50812
210.93965,59.294666,120.35812
224.17757,57.595676,121.24112
212.87064,59.376663,142.4478
210.03764,52.3767,142.7078
209.84764,52.7947,131.33197
216.96161,55.896687,133.04294
205.83267,55.91669,145.55673
202.1667,52.603703,128.74101
222.32957,55.297688,137.84785
220.69058,55.94769,140.76282
205.04167,54.086697,133.27794
198.43872,55.14369,132.59294
194.31674,53.9097,145.33374
223.20857,52.599705,131.81897
204.61469,53.937695,135.0069
199.01872,52.361706,197.43695
200.66171,57.09568,155.70758
214.12462,61.728653,121.36112
206.35568,78.57756,121.91212
207.11766,67.34262,123.79709
201.8207,55.76569,121.69612
215.7006,62.40865,143.74977
231.51553,66.10763,132.27596
207.77267,66.097626,141.3108
202.8117,56.626682,129.97798
199.41373,55.86369,136.7089
215.8166,50.040718,146.46774
208.29468,50.01772,132.17296
218.1656,53.894695,136.0069
212.20665,52.450706,141.4618
218.3686,58.07267,132.05896
210.00865,59.409668,136.9339
203.84468,56.63068,149.8167
215.6656,51.983707,120.09014
223.46356,53.064705,120.98413
214.38963,52.560707,121.791115
203.1127,51.228714,121.78212
206.96768,54.032696,123.190094
217.6196,55.108692,172.59435
205.45868,52.102707,165.13745
210.07166,52.286705,121.07914
200.0997,52.673706,123.620094
231.35551,53.078705,122.77611
209.03065,61.589653,121.44413
198.81671,58.015675,121.031136
199.87073,52.813705,124.165085
225.90755,59.595665,138.13885
222.73859,59.020668,130.18199
212.38364,56.99968,137.06589
199.23071,57.25368,147.37573
210.50365,56.94668,131.34097
248.20842,60.133667,140.41882
222.88356,57.991673,142.8408
204.5937,57.07968,130.12
212.15063,63.17065,138.17088
229.36554,72.07159,144.56877
217.4426,56.96968,128.32101
204.8697,76.82857,136.82289
210.41266,59.697666,146.85574
227.86053,63.817642,131.72897
213.36163,55.94169,183.62016
206.28668,55.02169,127.56704
206.16869,59.094666,130.705
222.67258,60.498657,141.57481
230.09554,60.225666,129.751
231.19553,52.345703,137.1659
212.76163,52.324703,150.99066
210.15767,52.277706,129.54001
213.93562,52.459705,133.73395
210.75865,51.997707,145.46576
219.39859,56.217686,129.00401
207.02467,60.684658,133.62294
223.05156,65.21063,140.08684
206.20369,52.317703,136.9359
207.54868,55.46969,130.01201
222.85257,56.604683,150.17668
225.20557,52.832703,134.82494
205.80568,52.366703,130.507
208.09366,57.08268,143.0808
208.05467,54.589695,135.88492
202.61472,51.59471,136.29091
209.78568,52.996704,186.11314
210.06265,53.1667,169.99939
220.59958,57.893673,132.48398
206.17668,57.31968,134.34496
203.09271,52.531704,141.87683
207.20569,53.955696,133.24496
216.68661,52.552704,133.42697
208.42867,50.98371,138.35088
207.77467,52.537704,132.48697
210.06967,54.70769,137.76189
214.63164,62.22465,142.9958
205.7797,62.42965,133.38695
245.37643,198.52687,136.8999
224.47957,480.0423,144.64178
209.34666,258.43954,131.58098
200.18172,213.8478,131.37799
211.02266,108.59239,149.32571
215.32062,243.20064,122.73313
214.06664,134.65424,121.304146
207.61267,73.740585,120.26616
201.49272,69.94061,119.163185
232.43352,91.94648,123.023125
203.28972,65.47063,124.100105
203.2657,63.21665,182.5502
210.20967,60.860657,127.538055
224.69856,63.10565,130.792
273.81125,71.7206,140.96384
219.4046,64.90864,136.80191
214.25363,63.668648,136.37993
235.6085,62.36465,136.74692
214.68764,69.79761,140.45386
209.39766,57.34668,129.39003
211.72066,60.10366,137.9589
230.23653,57.989677,142.81181
218.74762,59.898663,129.19403
207.21768,62.88065,137.5249
203.04572,57.640675,142.88483
225.00858,64.71564,130.71
214.18265,60.129665,129.61902
208.41867,60.163666,150.7827
205.64969,62.151653,120.71016
216.82362,60.77866,122.51013
205.11569,60.356667,123.59912
202.06772,59.87366,148.65472
212.41164,52.32671,319.68616
221.97359,55.31269,423.09457
210.78267,54.72169,5779.5674
207.07167,56.407684,6811.219
210.23067,56.250683,201.64198
222.0566,55.388687,155.84566
206.98769,53.1637,132.60301
210.47366,52.418705,138.00194
209.83667,52.4317,132.81001
223.78558,55.228687,136.56595
264.20932,52.316708,143.98985
212.55365,52.544704,123.46315
209.37868,53.660698,121.697174
220.0316,59.999664,124.61114
208.93968,60.219666,133.106
213.58464,60.168663,134.03
223.25858,62.229652,159.83359
214.44963,64.509636,175.07938
215.01163,58.48167,126.87911
212.22365,52.550705,125.28813
218.05661,55.21569,126.34212
220.3906,52.262707,125.49612
210.81265,52.625706,144.31784
203.42271,52.678703,140.07689
239.70947,52.893707,148.30078
210.55266,54.222694,139.7939
212.71666,68.72462,152.80472
207.28868,58.142673,123.05416
247.23341,56.53868,120.4592
212.60466,46.81674,124.56313
210.35068,46.41074,124.08214
209.81166,48.420727,129.23807
230.23154,46.47574,122.448166
215.22563,48.84173,146.31581
204.27571,49.482727,147.6248
215.76463,46.18774,157.40466
229.05556,47.770733,146.62282
257.87537,47.80973,132.16902
228.00755,47.374737,185.27124
217.66261,46.901737,169.07849
233.56052,46.80274,143.96785
218.61661,54.94969,131.81104
213.84464,53.5117,138.81693
209.43167,52.059708,141.2749
222.97859,53.3577,142.23587
214.23366,57.816677,169.96747
207.56068,58.376675,127.6391
217.79762,52.077705,128.32309
227.02757,64.32864,131.10104
221.4726,67.28663,134.629
206.0457,60.246666,126.28313
267.7373,52.373703,123.61016
248.35643,56.276684,145.57782
213.50064,53.791695,128.22008
215.03963,52.512707,135.00099
205.1867,55.680687,144.60886
223.44759,54.880695,133.27202
206.5417,54.89569,139.23093
209.78867,52.669704,141.12991
216.85564,57.094677,193.90312
220.9866,58.34867,150.84375
214.22264,58.51167,127.05112
206.80269,58.441673,124.00016
210.99767,60.315666,124.64815
225.97458,64.21864,123.17317
215.49164,57.01768,145.28085
209.94067,54.460697,151.97073
208.04869,52.642704,116.47827
224.44257,52.5927,122.78318
204.94872,56.119686,126.85313
216.20465,52.795704,118.00525
204.1647,56.357685,125.282135
231.28154,60.378662,123.55617
209.55067,62.84065,144.59386
207.61868,55.415688,142.2489
213.22466,53.097702,116.67627
224.91057,52.845707,123.19118
214.80965,53.7547,131.44405
208.41168,60.54966,124.85915
237.3545,61.673656,117.715256
209.31569,77.81656,122.916176
204.44371,83.04453,145.79683
210.06267,55.92369,158.56465
228.07855,56.389687,176.3124
212.29066,50.784714,119.88922
215.29964,55.396687,124.09416
214.40564,56.432682,123.280174
226.75557,53.946697,122.39318
209.22368,52.828705,123.114174
219.70161,56.528683,131.70505
214.65164,55.082695,156.50568
225.35858,52.5007,131.41505
214.35765,55.89369,133.09503
222.2826,57.606674,134.15001
210.69966,57.634678,127.886116
206.99869,57.489677,122.81019
214.47165,61.154655,144.09686
206.64468,59.709663,136.40599
225.4596,61.871655,143.15288
213.49065,62.13865,138.56895
210.17969,74.352585,137.71095
209.66568,66.390625,145.41985
221.9496,71.9246,135.4
208.38368,58.373672,139.33994
209.85368,63.76264,189.4582
225.10559,62.34665,188.45622
262.53833,58.66067,133.41805
217.28563,58.242672,132.44604
210.49568,57.640675,130.10408
214.59465,58.09967,126.38713
219.29161,58.567673,125.57915
203.15271,59.31667,140.93993
205.8857,54.95169,135.892
225.88358,52.29871,138.61296
218.49861,50.27172,143.96786
219.12361,52.473705,131.65106
199.28973,52.542706,143.58289
223.0506,52.469704,147.16983
205.9137,56.00969,134.23901
210.29968,52.393703,137.71397
269.96426,54.512695,139.69295
210.35667,54.481697,140.21494
190.79979,53.112705,142.0659
190.14182,65.053635,140.23892
206.6397,63.345642,133.92403
240.77249,60.202667,185.53926
210.93068,56.219685,156.89468
210.99066,55.43469,123.78117
219.45262,58.901672,122.4362
243.55246,61.095654,123.41119
220.36461,58.09967,122.910194
210.20367,53.204704,145.94185
206.5147,55.33769,124.33917
230.30756,61.241657,117.94227
240.6975,72.22859,121.947205
218.72263,65.22663,127.203125
208.77968,58.345673,124.337166
238.22551,57.992676,123.944176
218.04362,55.37069,149.6848
215.22664,60.69966,121.973206
210.02568,50.17772,123.33518
243.01547,50.937717,118.41626
220.96262,57.354683,122.7022
197.82475,57.11668,123.034195
207.7697,52.6547,121.95121
222.5776,54.236694,143.4829
213.32666,53.006706,143.9059
214.54465,57.333683,133.10205
246.09645,53.018703,183.79431
212.26366,53.090702,129.4931
219.60663,52.08071,136.057
210.24068,52.11771,151.58577
230.57254,52.893707,131.46608
